
EXPORT ZZZ_render_main_menu()
BEGIN
  LOCAL main_fill := RGB(0, 0, 0);
  LOCAL rect_fill := RGB(255, 255, 255);

  DIMGROB_P(G1, 318, 212);
  RECT_P(G1, 0, 0, 317, 211, main_fill, main_fill);

  // [y offset, starting x, ending x
 LOCAL rects := [6,12,308,7,12,308,8,12,308,9,12,308,10,12,308,11,12,39,11,49,267,11,280,280,11,283,308,12,12,36,12,52,265,12,285,308,13,12,34,13,54,262,13,287,287,13,289,308,14,12,32,14,56,261,14,289,308,15,12,31,15,57,258,15,291,308,16,12,30,16,58,257,16,292,308,17,12,29,17,59,255,17,294,308,18,12,28,18,60,69,18,74,77,18,85,87,18,92,96,18,100,100,18,109,112,18,117,123,18,127,127,18,140,143,18,147,150,18,159,165,18,169,177,18,185,187,18,199,202,18,211,212,18,219,220,18,227,227,18,232,237,18,239,254,18,268,268,18,271,271,18,295,308,19,12,28,19,60,70,19,73,76,19,79,81,19,86,88,19,91,96,19,100,101,19,104,105,19,109,114,19,118,124,19,126,127,19,131,134,19,136,137,19,140,143,19,145,151,19,154,156,19,160,166,19,168,176,19,179,181,19,186,188,19,191,194,19,200,202,19,206,209,19,211,212,19,214,216,19,219,220,19,222,224,19,227,228,19,231,236,19,239,253,19,278,278,19,297,308,20,12,27,20,61,70,20,73,75,20,77,83,20,87,88,20,91,96,20,100,101,20,104,106,20,109,114,20,119,124,20,126,127,20,131,137,20,141,142,20,144,151,20,154,156,20,161,166,20,168,175,20,177,183,20,187,188,20,191,197,20,201,202,20,206,211,20,213,219,20,221,228,20,231,236,20,240,253,20,298,308,21,12,27,21,61,70,21,73,74,21,76,84,21,88,88,21,91,96,21,100,101,21,104,106,21,109,114,21,116,116,21,120,124,21,126,127,21,131,138,21,141,141,21,144,151,21,154,156,21,158,158,21,162,166,21,168,174,21,176,184,21,187,188,21,191,198,21,202,202,21,206,211,21,213,219,21,221,228,21,231,235,21,237,237,21,240,252,21,299,308,22,12,26,22,42,42,22,62,70,22,73,74,22,76,85,22,88,88,22,91,96,22,100,101,22,104,106,22,109,114,22,116,117,22,121,124,22,126,127,22,131,139,22,143,151,22,154,156,22,158,159,22,163,166,22,168,174,22,176,185,22,187,188,22,191,199,22,202,202,22,206,211,22,215,219,22,223,228,22,231,235,22,237,237,22,240,251,22,300,308,23,12,26,23,47,47,23,62,70,23,73,74,23,76,85,23,88,88,23,91,96,23,100,101,23,108,114,23,116,118,23,122,124,23,126,127,23,135,139,23,142,151,23,154,156,23,158,160,23,164,166,23,168,173,23,176,185,23,188,188,23,191,199,23,202,202,23,210,212,23,218,220,23,226,228,23,231,234,23,236,238,23,241,250,23,301,308,24,12,25,24,48,48,24,63,70,24,73,74,24,76,85,24,88,88,24,91,96,24,100,101,24,104,105,24,108,114,24,116,119,24,122,124,24,126,127,24,131,139,24,142,151,24,154,156,24,158,161,24,164,166,24,168,173,24,176,185,24,187,188,24,191,199,24,202,202,24,206,214,24,219,222,24,227,228,24,231,234,24,241,250,24,302,308,25,12,25,25,63,70,25,73,74,25,77,85,25,87,88,25,91,96,25,100,101,25,104,105,25,109,114,25,116,120,25,123,124,25,126,127,25,131,139,25,142,151,25,154,156,25,158,162,25,165,166,25,168,173,25,176,185,25,187,188,25,191,199,25,202,202,25,206,216,25,219,224,25,227,228,25,231,233,25,235,239,25,242,249,25,261,261,25,302,308,26,12,25,26,63,70,26,73,74,26,77,85,26,87,88,26,91,96,26,100,101,26,104,106,26,109,114,26,116,121,26,124,124,26,126,127,26,131,139,26,142,151,26,154,156,26,158,163,26,166,166,26,168,174,26,177,185,26,187,188,26,191,198,26,201,202,26,206,217,26,220,225,26,228,228,26,231,233,26,235,239,26,242,249,26,258,269,26,271,271,26,302,308,27,12,25,27,36,36,27,63,70,27,73,74,27,78,84,27,86,88,27,92,96,27,100,101,27,104,107,27,110,114,27,116,122,27,126,127,27,131,139,27,142,151,27,154,156,27,158,164,27,168,174,27,178,184,27,186,188,27,191,198,27,201,202,27,206,217,27,220,225,27,227,228,27,231,232,27,234,240,27,243,248,27,256,273,27,303,308,28,12,25,28,39,39,28,51,51,28,63,70,28,73,75,28,80,82,28,86,89,28,93,95,28,100,101,28,104,108,28,111,114,28,116,123,28,126,127,28,131,135,28,137,139,28,142,151,28,154,156,28,158,165,28,168,175,28,180,182,28,185,188,28,192,196,28,200,202,28,206,210,28,213,217,28,219,219,28,221,225,28,227,228,28,231,232,28,234,240,28,243,248,28,254,273,28,275,275,28,304,308,29,12,25,29,46,46,29,63,70,29,73,76,29,84,90,29,96,96,29,100,100,29,105,108,29,117,124,29,126,127,29,137,138,29,143,150,29,155,155,29,159,166,29,168,176,29,184,187,29,199,202,29,218,219,29,226,227,29,234,240,29,244,248,29,253,275,29,303,308,30,12,25,30,63,70,30,73,248,30,252,276,30,284,284,30,304,308,31,12,25,31,63,70,31,73,248,31,251,277,31,304,308,32,12,25,32,63,69,32,73,105,32,113,124,32,133,173,32,178,181,32,186,187,32,191,206,32,210,248,32,250,278,32,304,308,33,12,25,33,63,67,33,72,106,33,109,110,33,114,126,33,129,130,33,133,175,33,178,182,33,186,188,33,190,191,33,194,207,33,210,279,33,305,308,34,12,26,34,62,106,34,109,111,34,114,126,34,129,130,34,134,175,34,178,182,34,187,188,34,190,207,34,210,280,34,305,308,35,12,26,35,62,106,35,109,110,35,113,126,35,129,130,35,133,175,35,178,182,35,184,184,35,188,188,35,190,207,35,210,280,35,305,308,36,12,27,36,61,106,36,113,113,36,118,118,36,122,126,36,132,135,36,144,144,36,153,153,36,157,158,36,163,164,36,170,172,36,178,182,36,184,185,36,188,188,36,190,191,36,194,194,36,206,207,36,213,214,36,219,219,36,225,225,36,231,231,36,235,235,36,241,281,36,306,308,37,12,27,37,61,106,37,109,110,37,114,114,37,117,119,37,121,126,37,129,130,37,132,134,37,137,137,37,140,140,37,143,145,37,147,148,37,151,151,37,154,154,37,157,157,37,160,161,37,164,164,37,168,168,37,171,171,37,174,174,37,178,182,37,184,186,37,190,191,37,194,195,37,200,200,37,204,204,37,207,207,37,211,211,37,214,214,37,217,217,37,219,220,37,227,227,37,230,230,37,233,233,37,236,236,37,241,281,37,289,289,37,306,308,38,12,28,38,60,106,38,109,111,38,114,115,38,118,118,38,120,126,38,129,130,38,133,135,38,140,141,38,144,144,38,146,148,38,150,151,38,154,154,38,157,157,38,160,161,38,164,164,38,167,168,38,171,171,38,174,175,38,178,182,38,184,186,38,190,191,38,194,195,38,198,200,38,203,204,38,207,207,38,210,211,38,220,220,38,223,225,38,227,227,38,230,230,38,236,236,38,239,282,38,305,308,39,12,28,39,60,106,39,109,110,39,114,115,39,118,118,39,120,126,39,129,130,39,133,134,39,137,137,39,140,141,39,144,144,39,146,148,39,150,151,39,154,154,39,157,157,39,160,161,39,164,164,39,167,168,39,171,171,39,174,174,39,178,182,39,184,187,39,190,191,39,194,195,39,198,200,39,203,204,39,207,207,39,211,211,39,214,214,39,217,220,39,223,224,39,230,230,39,233,236,39,239,283,39,306,308,40,12,29,40,59,105,40,113,116,40,119,124,40,130,130,40,134,134,40,141,142,40,145,147,40,158,158,40,163,164,40,172,172,40,178,181,40,185,188,40,190,191,40,199,199,40,213,214,40,219,219,40,224,224,40,226,231,40,240,283,40,306,308,41,12,30,41,58,116,41,119,142,41,145,224,41,231,283,41,292,292,41,306,308,42,12,16,42,19,31,42,57,116,42,118,142,42,144,224,42,227,229,42,231,283,42,307,308,43,12,15,43,19,32,43,56,114,43,118,140,43,144,224,43,230,283,43,306,308,44,12,15,44,19,34,44,54,283,44,306,308,45,12,14,45,19,24,45,26,36,45,52,119,45,121,284,45,306,308,46,12,14,46,19,23,46,26,38,46,50,79,46,86,119,46,122,284,46,306,308,47,12,14,47,19,22,47,26,77,47,88,120,47,122,283,47,306,308,48,12,13,48,18,22,48,26,76,48,89,120,48,123,239,48,246,283,48,306,308,49,12,13,49,19,21,49,26,31,49,33,76,49,89,120,49,123,170,49,172,238,49,247,283,49,306,308,50,19,21,50,26,30,50,33,75,50,84,85,50,90,120,50,124,171,50,173,237,50,243,243,50,248,283,50,305,308,51,19,20,51,26,29,51,33,75,51,84,85,51,90,121,51,124,171,51,173,236,51,249,283,51,305,308,52,20,20,52,26,29,52,33,75,52,82,82,52,90,121,52,125,157,52,160,171,52,174,236,52,249,282,52,304,308,53,27,28,53,33,75,53,79,79,53,83,83,53,90,121,53,125,155,53,159,171,53,174,236,53,240,240,53,249,282,53,304,308,54,27,27,54,33,75,54,90,121,54,126,154,54,159,172,54,175,236,54,243,243,54,249,282,54,290,290,54,303,308,55,34,36,55,39,75,55,90,122,55,126,153,55,158,172,55,175,236,55,249,282,55,290,290,55,303,308,56,35,35,56,39,50,56,52,76,56,89,122,56,126,152,56,157,172,56,176,236,56,249,281,56,302,308,57,38,50,57,52,76,57,89,122,57,127,151,57,157,172,57,176,237,57,248,281,57,302,308,58,38,50,58,53,77,58,88,122,58,127,150,58,156,173,58,177,238,58,247,279,58,302,308,59,25,25,59,32,32,59,38,39,59,42,51,59,53,79,59,86,123,59,128,149,59,156,173,59,177,222,59,225,239,59,246,278,59,301,308,60,25,25,60,32,32,60,38,39,60,44,51,60,54,123,60,128,148,60,155,173,60,178,220,60,224,277,60,301,308,61,25,25,61,32,32,61,38,39,61,44,51,61,54,123,61,128,148,61,155,173,61,178,218,61,224,277,61,300,308,62,32,32,62,38,39,62,44,51,62,55,84,62,88,102,62,104,123,62,129,147,62,154,173,62,179,217,62,223,275,62,300,308,63,32,32,63,38,39,63,44,46,63,49,49,63,51,52,63,55,83,63,87,102,63,105,123,63,129,147,63,154,174,63,179,216,63,222,272,63,283,283,63,298,308,64,39,39,64,44,46,64,51,52,64,56,82,64,86,103,64,105,124,64,130,146,64,153,174,64,179,215,64,222,269,64,297,308,65,44,46,65,51,52,65,56,80,65,86,103,65,106,124,65,130,146,65,153,163,65,165,170,65,173,174,65,181,187,65,189,214,65,221,268,65,296,308,66,44,46,66,51,52,66,57,79,66,85,104,66,107,124,66,130,145,66,152,162,66,165,169,66,173,174,66,181,186,66,189,194,66,197,213,66,221,267,66,295,308,67,45,46,67,51,52,67,58,79,67,85,104,67,108,124,67,131,145,67,152,161,67,165,169,67,173,175,67,181,185,67,189,193,67,197,202,67,205,212,67,220,265,67,279,279,67,294,308,68,45,46,68,51,52,68,58,78,68,84,105,68,108,124,68,131,144,68,151,155,68,157,160,68,165,168,68,173,175,68,181,184,68,189,193,68,197,201,68,205,211,68,220,264,68,291,308,69,45,45,69,51,52,69,58,77,69,84,105,69,109,124,69,131,144,69,151,154,69,158,160,69,166,168,69,173,175,69,182,184,69,189,192,69,197,201,69,205,210,69,219,264,69,288,288,69,290,308,70,45,45,70,51,51,70,58,77,70,83,105,70,110,125,70,132,143,70,150,153,70,158,160,70,166,167,70,174,175,70,182,184,70,189,192,70,197,200,70,205,209,70,218,264,70,285,285,70,287,308,71,51,51,71,59,76,71,83,106,71,110,125,71,132,143,71,150,153,71,159,159,71,166,167,71,174,175,71,182,183,71,188,191,71,196,200,71,205,209,71,218,264,71,282,282,71,284,308,72,51,51,72,59,62,72,65,75,72,82,106,72,111,125,72,132,143,72,150,152,72,166,167,72,174,175,72,183,183,72,188,191,72,196,199,72,204,208,72,217,264,72,266,266,72,280,308,73,51,51,73,60,61,73,65,75,73,81,107,73,111,125,73,132,140,73,142,142,73,150,152,73,166,167,73,174,175,73,183,183,73,188,191,73,196,199,73,204,207,73,217,269,73,272,272,73,274,275,73,277,308,74,51,51,74,60,60,74,65,74,74,81,107,74,112,125,74,133,139,74,150,152,74,166,166,74,174,174,74,189,191,74,196,199,74,204,207,74,216,217,74,219,308,75,60,60,75,65,69,75,72,74,75,81,107,75,113,125,75,133,139,75,151,151,75,166,166,75,174,174,75,189,190,75,196,198,75,204,206,75,219,308,76,65,69,76,72,73,76,80,108,76,113,125,76,133,138,76,166,166,76,174,174,76,190,190,76,196,198,76,204,206,76,215,215,76,219,308,77,67,68,77,72,73,77,80,108,77,114,125,77,133,134,77,136,137,77,149,149,77,196,197,77,204,206,77,219,308,78,64,64,78,67,67,78,72,73,78,80,85,78,88,93,78,96,102,78,104,109,78,114,117,78,120,125,78,136,137,78,149,150,78,204,204,78,214,214,78,219,308,79,64,64,79,72,72,79,80,84,79,88,92,79,96,101,79,104,109,79,115,116,79,120,124,79,136,137,79,149,150,79,219,223,79,226,308,80,64,64,80,72,72,80,80,84,80,88,92,80,96,100,80,104,108,80,115,116,80,120,124,80,136,136,80,149,150,80,220,222,80,226,308,81,64,64,81,80,83,81,88,91,81,96,99,81,104,107,81,121,123,81,136,136,81,149,150,81,218,218,81,220,221,81,225,308,82,64,64,82,80,83,82,88,91,82,96,99,82,104,107,82,121,123,82,136,136,82,149,150,82,218,218,82,225,308,83,64,64,83,80,82,83,87,90,83,96,99,83,104,107,83,121,122,83,149,150,83,218,218,83,225,225,83,227,230,83,232,308,84,64,64,84,80,82,84,87,90,84,96,98,84,103,106,84,121,122,84,148,149,84,218,218,84,225,225,84,228,229,84,232,308,85,80,82,85,87,90,85,95,95,85,98,98,85,103,106,85,121,122,85,148,149,85,218,218,85,225,225,85,228,228,85,232,308,86,81,82,86,87,90,86,95,96,86,103,103,86,105,106,86,120,122,86,148,149,86,218,218,86,225,225,86,232,308,87,87,89,87,95,97,87,120,121,87,148,149,87,218,218,87,225,225,87,232,232,87,234,237,87,239,308,88,88,89,88,95,97,88,120,121,88,218,218,88,225,225,88,232,232,88,234,236,88,239,308,89,95,97,89,218,218,89,225,225,89,232,232,89,235,235,89,239,281,89,283,308,90,225,225,90,232,232,90,239,240,90,243,281,90,283,308,91,225,225,91,232,232,91,239,239,91,243,281,91,284,308,92,232,232,92,243,282,92,284,308,93,232,232,93,243,282,93,285,308,94,232,232,94,242,282,94,285,308,95,232,232,95,242,246,95,248,282,95,286,308,96,242,245,96,248,283,96,286,308,97,243,244,97,248,283,97,287,308,98,243,244,98,248,283,98,287,308,99,249,283,99,288,308,100,249,252,100,255,283,100,288,308,101,249,251,101,255,284,101,289,308,102,249,250,102,255,284,102,289,308,103,250,250,103,255,256,103,258,284,103,290,308,104,255,256,104,258,284,104,290,308,105,255,256,105,258,285,105,291,308,106,256,256,106,260,285,106,291,308,107,256,256,107,260,285,107,291,308,108,260,285,108,292,308,109,260,261,109,264,285,109,292,308,110,260,261,110,264,286,110,293,308,111,260,261,111,264,286,111,293,308,112,260,261,112,265,286,112,293,308,113,260,261,113,265,286,113,294,308,114,261,261,114,265,268,114,270,286,114,294,308,115,265,267,115,270,287,115,294,308,116,265,267,116,270,287,116,295,308,117,266,267,117,270,287,117,295,308,118,266,267,118,271,287,118,296,308,119,266,267,119,271,287,119,296,308,120,271,273,120,275,287,120,296,308,121,271,273,121,276,288,121,297,308,122,271,273,122,277,288,122,297,308,123,272,273,123,277,288,123,297,308,124,272,273,124,277,288,124,297,308,125,272,272,125,277,288,125,298,308,126,277,278,126,280,281,126,284,288,126,298,308,127,277,278,127,284,289,127,298,308,128,277,278,128,284,289,128,299,308,129,277,278,129,284,289,129,299,308,130,278,278,130,284,288,130,299,308,131,284,287,131,299,308,132,285,287,132,300,308,133,285,286,133,300,308,134,286,286,134,300,308,135,300,308,136,300,308,137,301,308,138,301,308,139,290,290,139,301,308,140,290,290,140,301,301,140,303,308,141,290,290,141,303,308,142,290,290,142,303,308,143,290,290,143,303,304,143,306,308,144,290,290,144,303,304,144,306,308,145,303,304,145,307,308,146,303,304,147,303,304,148,303,304,149,303,304,150,303,304,179,13,16,179,18,21,179,39,42,179,77,77,179,81,83,179,86,88,179,92,92,180,14,16,180,19,20,180,37,42,180,76,76,180,82,84,180,87,87,180,92,93,181,14,17,181,19,20,181,37,38,181,75,76,181,82,85,181,87,87,181,93,93,182,14,20,182,23,24,182,27,28,182,30,30,182,32,33,182,37,38,182,46,48,182,50,51,182,53,54,182,56,57,182,60,61,182,75,76,182,82,82,182,84,85,182,87,87,182,93,94,183,14,15,183,17,20,183,22,22,183,25,25,183,28,30,183,32,32,183,37,38,183,40,43,183,45,45,183,48,48,183,51,52,183,54,54,183,57,57,183,62,62,183,75,76,183,82,82,183,85,87,183,93,94,184,14,15,184,18,20,184,22,25,184,28,28,184,30,30,184,32,32,184,38,38,184,42,42,184,46,48,184,51,51,184,54,54,184,57,57,184,60,62,184,75,76,184,82,82,184,85,87,184,93,94,185,14,15,185,19,20,185,22,22,185,29,29,185,31,31,185,39,39,185,42,42,185,45,45,185,48,48,185,51,51,185,54,54,185,57,57,185,75,76,185,82,82,185,86,87,185,93,94,186,13,16,186,19,20,186,23,25,186,29,29,186,31,31,186,39,42,186,45,46,186,48,48,186,50,58,186,60,62,186,75,76,186,81,83,186,87,87,186,93,94,187,76,76,187,93,93,188,76,76,188,93,93,189,77,77,189,92,92,191,261,263,191,266,268,191,274,275,191,288,288,191,290,292,191,295,297,191,299,299,192,15,18,192,262,262,192,267,267,192,275,275,192,287,287,192,291,291,192,296,296,192,300,300,193,14,15,193,18,18,193,36,36,193,77,77,193,83,86,193,90,91,193,262,262,193,267,267,193,275,275,193,287,287,193,291,291,193,296,296,193,300,300,194,14,15,194,32,33,194,76,76,194,82,83,194,86,86,194,91,91,194,262,267,194,271,272,194,275,275,194,277,281,194,286,287,194,291,296,194,300,301,195,14,15,195,20,23,195,25,29,195,31,34,195,36,36,195,39,42,195,44,45,195,47,48,195,51,53,195,76,76,195,82,82,195,91,92,195,262,262,195,267,267,195,270,270,195,273,273,195,275,275,195,278,278,195,281,281,195,286,287,195,291,291,195,296,296,195,300,301,196,14,15,196,20,20,196,23,23,196,26,26,196,29,29,196,32,32,196,36,36,196,39,39,196,42,42,196,45,45,196,48,48,196,50,50,196,53,53,196,75,76,196,82,82,196,91,92,196,262,262,196,267,267,196,270,273,196,275,275,196,278,278,196,281,281,196,286,287,196,291,291,196,296,296,196,300,301,197,14,15,197,20,20,197,23,23,197,26,26,197,29,29,197,32,32,197,36,36,197,39,39,197,42,42,197,45,45,197,48,48,197,50,54,197,75,76,197,82,82,197,91,92,197,262,262,197,267,267,197,270,270,197,275,275,197,278,278,197,281,281,197,286,287,197,291,291,197,296,296,197,300,301,198,14,15,198,20,20,198,23,23,198,26,26,198,29,29,198,32,32,198,36,36,198,39,39,198,42,42,198,45,45,198,48,48,198,50,51,198,75,76,198,82,82,198,91,92,198,261,262,198,267,268,198,270,273,198,275,276,198,278,281,198,286,287,198,290,292,198,295,297,198,300,301,199,15,18,199,21,23,199,25,27,199,29,30,199,32,34,199,36,37,199,39,40,199,42,43,199,45,49,199,51,53,199,75,76,199,82,83,199,86,86,199,91,92,199,278,278,199,287,287,199,299,300,200,75,76,200,83,86,200,91,92,200,278,278,200,287,287,200,299,300,201,76,76,201,91,92,201,277,279,201,288,288,201,299,299,202,76,76,202,91,91,203,77,77,203,90,91];


  LOCAL i := 1;
  LOCAL x_start := 0;
  LOCAL x_end := 0;
  LOCAL y := 0;
  LOCAL stop_at := 4674;
  FOR i FROM 1 TO stop_at STEP 3 DO
    y := rects[i];
    x_start := rects[i + 1];
    x_end := rects[i + 2];
    RECT_P(G1, x_start, y, x_end, y, rect_fill, rect_fill);
  END;
   RECT_P(G0, 0, 0, 319, 239, RGB(0, 0, 0), RGB(0, 0, 0));
  BLIT_P(G0, 1, 14, 318, 226, G1, 0, 0, 317, 221);
  FREEZE();
END;

